 1978  11         29574         27583        635498        610655        483427       1161760       6580306        699707         14473      10242984
 1978  12        300951        134746       1129718        706674        656136       1557883       6844716        710161         22768      12063754
 1979   1       1037587        172330       1166340        840600        810368       1784148       6864917        702317         71129      13449736
 1979   2       1212504        344381       1188204        922146        824604       1899672       6912031        699886        131058      14134486
 1979   3       1246489        406762       1151823       1031169        709994       1948524       6919573        702486        107854      14224675
 1979   4        899735        267547       1110997        904351        675742       2004615       6991107        716418         34968      13605480
 1979   5        246015        110258       1053852        789614        606492       1808232       6917759        719387         32062      12283670
 1979   6         48548         20352        805694        584843        494182       1326861       6568418        697411          5918      10552226
 1979   7             0          2359        225217        268596        296025        709616       5844131        539293             0       7885237
 1979   8             0             0         62764         72019        164627        215082       5231553        506609             0       6252653
 1979   9             0          4970         29493         47240        149395         79565       5018074        474577             0       5803315
 1979  10         22111          9858         59139        114704        266227        475910       5826498        620031          1027       7395504
 1979  11         51015         34326        332380        483806        371808       1035497       6559967        688322         12704       9569825
 1979  12        301430        233662        967223        744393        467915       1423347       6937295        709568         25564      11810398
 1980   1        708993        474283       1132303        871042        569223       1593495       6947348        708378         43975      13049039
 1980   2       1064683        565427       1176418        958606        677933       1692327       6945361        709209        119749      13909713
 1980   3       1089867        559882       1178046       1036526        669306       1682361       6964214        711298        109675      14001175
 1980   4        949356        465256       1137475        983941        626785       1640428       7036608        717061         34382      13591291
 1980   5        393412        197548       1027769        813655        535951       1471254       6968343        709762         26504      12144198
 1980   6         84668         28490        762764        582563        461584       1223075       6432972        628702          7485      10212304
 1980   7             0          2662        201254        300205        332607        767243       5619602        503863             0       7727436
 1980   8             0             0         53413         60504        227996        383576       5090023        318735             0       6134248
 1980   9             0          3387         19052         34664        237694        285091       5152429        354575             0       6086892
 1980  10         17020          9567         38631        128172        365550        584434       5991237        567693          1260       7703564
 1980  11         36840         45920        301842        414856        525205       1259709       6645687        687580         13110       9930749
 1980  12        129466        264238       1034449        689298        657878       1569054       6866755        705388         29177      11945703
 1981   1        451344        470687       1158152        928831        722925       1577414       6916482        701739         91331      13018905
 1981   2        871755        517735       1154283       1023777        704187       1596638       6924936        700580        101762      13595654
 1981   3        954640        509474       1120296        951384        698887       1796250       6968981        711954         32793      13744661
 1981   4        591638        342998       1161099        966964        650059       1887897       7005124        711635         24494      13341907
 1981   5        112178        126662       1099145        808091        629104       1784298       6879162        699733         28565      12166936
 1981   6         34530         19593        830798        529645        566269       1328862       6323590        596057          4157      10233501
 1981   7             0          2852        239465        210164        411611        838653       5352391        451077             0       7506213
 1981   8             0             0         30678         46127        253030        449797       4647835        245603             0       5673068
 1981   9             0          3169         19322         42241        202728        365539       4820533        205887             0       5659419
 1981  10         20229          8732         24527         77902        401960        583094       5916243        442207           888       7475782
 1981  11         30942         69459        171724        412159        493680        899863       6754973        671058         17626       9521484
 1981  12        149771        284068        772434        705084        679303       1440424       6952219        701989         20899      11706192
 1982   1        582245        358290       1125960        853774        808814       1794569       6970734        703346         38530      13236261
 1982   2        864194        356052       1175460       1132445        779520       1847009       6907788        702524        118649      13883642
 1982   3        984962        424357       1181127       1211725        700772       1816653       6956329        708463        139164      14123553
 1982   4        779220        416420       1161386       1099600        688684       1820007       7005120        715649         43181      13729268
 1982   5        232043        220342       1061590        961819        598525       1532050       6990970        721125         30283      12348746
 1982   6         45106         29507        825741        694733        527313       1285738       6612232        638359          4873      10663602
 1982   7             0          2602        267067        275136        372810        821064       5805684        518367             0       8062729
 1982   8             0             0         43449         62961        220742        405982       5128137        337190             0       6198462
 1982   9             0          2895         21630         52048        287331        304150       4664351        318623             0       5651028
 1982  10         19239         11136         50310        187884        359048        808807       5862316        580389           823       7879952
 1982  11         38707         46642        409189        571597        446530       1285570       6744535        709938         17600      10270308
 1982  12        326023        174239       1089311        951613        562177       1315277       6898176        717721         23757      12058295
 1983   1        591504        427541       1174316       1347557        565044       1369751       6917440        710958         55251      13159362
 1983   2       1034621        531693       1187658       1412964        647716       1489106       6920546        708576        109412      14042292
 1983   3        987857        541454       1168973       1448719        646190       1473142       6940111        709633         94377      14010457
 1983   4        540554        453201       1158497       1337018        599597       1529030       6970140        715862         39556      13343455
 1983   5        147243        156181       1111514       1004248        546044       1393834       6942620        725245         27990      12054919
 1983   6         56453         24352        922338        702517        440919       1072183       6610137        635314          4389      10468601
 1983   7             0          2926        408295        379473        267812        592716       5859787        537543             0       8048552
 1983   8             0             0        108689        129805        202288        273434       5123438        332769             0       6170423
 1983   9             0          3083         56982         75364        240910        138102       5173455        232849             0       5920745
 1983  10         25326         16175         78315        214360        370303        396872       6363724        533892           798       7999764
 1983  11         31687         90915        324503        619357        484398       1040131       6896297        689959         17410      10194657
 1983  12        128505        111497       1036888        924207        561386       1442784       6860684        701921         22556      11790430
 1984   1        381126        266596       1169503       1353875        516023       1433046       6901770        701047         76926      12799911
 1984   2        525945        572201       1188811       1493312        505732       1309546       6884529        703259        143560      13326894
 1984   3        612176        590637       1181427       1374208        577466       1468946       6952007        704642        139410      13600919
 1984   4        466952        539718       1141753       1283155        525334       1569267       7001985        713353         48413      13289929
 1984   5        120748        275713       1050900       1055037        514579       1325140       6971263        718427         31663      12063470
 1984   6         49224         28561        810095        694636        453851        999256       6615557        643445          4289      10298916
 1984   7             0          2707        276491        303704        268861        440877       5717277        480855             0       7490772
 1984   8             0             0         54749         56197        131301        164907       5181778        286740             0       5875673
 1984   9             0          2013         21291         44729        153362         79796       4789116        273889             0       5364196
 1984  10         17245          8670         35080         96840        294496        327862       5827066        511562           506       7119326
 1984  11         42153         37983        407098        410944        411791        915076       6520342        684746         13359       9443491
 1984  12        261384        159471       1038561        894879        392657       1158365       6815904        700558         22527      11444306
 1985   1        658586        255516       1174631       1119919        454158       1424630       6869073        703197         97544      12757254
 1985   2        819601        288404       1192555       1158238        553879       1589458       6946372        700508        170395      13419410
 1985   3        913565        506508       1190865       1229882        584799       1483145       6945402        699402        163075      13716644
 1985   4        581691        579469       1165037       1095978        676258       1697821       7024604        710216         54686      13585760
 1985   5        309312        315441       1093388        870373        564552       1498758       7010136        706269         35693      12403923
 1985   6         63413         39419        835418        522460        469760       1027848       6569975        629161          5060      10162514
 1985   7             0          2171        283702        138228        185673        464942       5647712        457688             0       7180115
 1985   8             0            14         47904         33218         72422        124026       5226009        295045             0       5798638
 1985   9             0          2008         20875         37040         92676         53397       5019288        223878             0       5449162
 1985  10         18884         12861         29062         84616        306926        198367       6161308        522198          1495       7335716
 1985  11         30189         50918        372004        398106        432537        880246       6764110        691118         22071       9641299
 1985  12        160497         95684       1012470        629040        601250       1355253       6801344        704327         31563      11391427
 1986   1        546034        331230       1164314        860987        709852       1611401       6918974        701359        103292      12947444
 1986   2        854738        426572       1175481        969635        754018       1599435       6934272        695460        182584      13592196
 1986   3        876936        528548       1172114       1057355        768550       1566736       6904986        691113        178524      13744863
 1986   4        510786        427416       1132783        934092        816315       1630487       6929941        700300         56717      13138837
 1986   5        122506        154327       1041200        737855        651984       1547746       6897600        703970         28687      11885874
 1986   6         40849         17253        796510        559773        507673       1234550       6395167        640697          4914      10197386
 1986   7             0          2744        267865        334380        298294        715008       5656953        538198             0       7813442
 1986   8             0             0         57124         96002        167497        328259       5100506        453173             0       6202560
 1986   9             0          2106         26058         38493        169265        312636       4986486        402570             0       5937614
 1986  10         20012          8638         97672        275264        325987        566505       6160567        591641          1077       8047363
 1986  11         30854         28568        714089        644079        418750        958107       6568530        707497         12568      10083041
 1986  12        147930        152661       1123245        873812        467246       1359083       6837212        708962         25208      11695358
 1987   1        598210        374230       1163188       1058728        567492       1494266       6850232        709231         92635      12908212
 1987   2        894804        497210       1195961       1116408        727506       1751585       6935972        717106        168501      14005054
 1987   3        728389        489161       1192261       1084436        719926       1731448       6933181        717141        142093      13738035
 1987   4        477328        450942       1136180       1090068        632590       1835646       6983105        721257         64367      13391481
 1987   5        134554        244560       1064099        882199        580158       1520176       6960206        728442         25936      12140330
 1987   6         48748         42889        881745        652795        458746       1273043       6566133        665667          4246      10594012
 1987   7             0          1791        305932        302197        303281        712501       5571857        545782             0       7743340
 1987   8             0             0         60090         43067        230695        209229       4801430        351672             0       5696183
 1987   9             0          1437         24463         27134        262129        130961       5204005        313929             0       5964059
 1987  10         13387          5742         39224        163269        416151        591871       6044365        538301           957       7813267
 1987  11         26291         41438        326149        477887        557764       1086330       6852635        672911         22292      10063695
 1987  12        160893        205633        990525        741826        720176       1242095       7108880        713689         14537      11898259
 1988   1        542910        340326       1185251        986168        769000       1529650       7078354        714101         59631      13205393
 1988   2        774112        442709       1188951       1122190        713570       1628890       7047857        706421        168594      13793293
 1988   3        891665        588940       1183955       1068398        804216       1648203       7074716        707225        133297      14100614
 1988   4        507344        487214       1129334        966069        804005       1720993       7064146        701143         49419      13429667
 1988   5        158361        146427       1014793        804941        592004       1449956       6844631        681653         29399      11722166
 1988   6         44234         17521        781032        570151        467369       1069665       6470737        577283          3715      10001708
 1988   7             0          1082        236196        232782        305034        567339       5529756        443953             0       7316141
 1988   8             0             0         45487         50396        179975        284240       4886086        287717             0       5733901
 1988   9             0          1788         13467         19479        205623        280366       4913515        252500             0       5686738
 1988  10         12421          4281         19583         46372        427197        767699       6143176        414866           671       7836266
 1988  11         22461         75706        204671        371902        590636       1337132       6918101        697662         25353      10243623
 1988  12         76817        359742        945131        728728        855609       1510956       7052413        722523         28175      12280094
 1989   1        358224        522574       1188753        994324        856794       1640528       7052809        723699         98083      13435790
 1989   2        648216        326430       1190980       1168352        762749       1680545       6948076        714946        182167      13622460
 1989   3        674118        311405       1185973       1193792        771992       1543781       6929856        708545        156520      13475983
 1989   4        343451        216865       1166722       1059034        675828       1446405       6954380        715236         52439      12630359
 1989   5        113954         86950       1061354        821002        621843       1265016       6953088        710782         31141      11665130
 1989   6         36232         23373        807585        604589        578096       1136904       6467904        611335          4524      10270540
 1989   7             0          1345        241352        270362        359217        709430       5589353        467193             0       7638251
 1989   8             0             0         54945         67221        255522        489658       4721710        283628             0       5872684
 1989   9             0          1670         15635         42950        259912        387318       4227304        252728             0       5187517
 1989  10         14310          7330         50797        159806        387123        630391       5511099        515225           862       7276942
 1989  11         25193         48161        375333        504128        500855        984909       6619870        712104         27309       9797862
 1989  12        142095        193056       1103962        760294        693885       1314479       6927689        728986         40426      11904872
 1990   1        430772        441304       1193889       1124427        582008       1460243       6938656        737167        140916      13049381
 1990   2        787708        622678       1188743       1334898        526884       1385572       6897126        722004        197924      13663537
 1990   3        797235        617045       1072770       1329892        603751       1504761       6955208        719135        166811      13766610
 1990   4        323612        430748       1068326       1136125        603427       1320227       6884389        717763         69226      12553843
 1990   5         78768        192827       1051960        929319        544801       1088465       6577954        716319         38057      11218469
 1990   6         29549         16043        812696        610112        452236        926767       6029999        634860          3665       9515926
 1990   7             0          1309        322589        214085        274910        533100       4973642        511942             0       6831577
 1990   8             0             0         72186         28713        150231        296206       4395157        363976             0       5306468
 1990   9             0          1323         29908         32877         80104        230673       4150952        344384             0       4870220
 1990  10         19098          6209         86627        194555        297386        543655       5369658        540650          1443       7059283
 1990  11         27071         36050        322848        573152        443935       1156655       6679775        713397         25106       9977989
 1990  12        110227        212860       1017761        842715        497791       1322809       7019297        722772         30228      11776460
 1991   1        266699        399946       1202960       1219452        490757       1418773       7003368        725481        114749      12842185
 1991   2        448342        634802       1173060       1338645        568848       1408568       6982283        716345        183788      13454681
 1991   3        622840        575180       1174386       1287618        593023       1525911       7022732        714632        143424      13659746
 1991   4        424154        514361       1164997       1215771        598143       1433851       7002443        722719         64305      13140743
 1991   5         99300        222981       1067650       1017878        534775       1366062       6774964        702097         28100      11813809
 1991   6         37681         22977        769898        668557        436311       1058483       6384540        595878          5148       9979471
 1991   7             0          1310        192016        239275        223786        580983       5344702        488780             0       7070853
 1991   8             0             0         56171         41147        101895        359882       4646433        313392             0       5518920
 1991   9             0          2006         20475         35638        109600        159045       4225261        286681             0       4838706
 1991  10         16404          6807         36762         99765        303303        556521       5516900        536228           752       7073443
 1991  11         23276         29034        347061        460443        447464       1103192       6443417        704438         23580       9581903
 1991  12        111166        191294       1039613        788362        518577       1235824       6853543        732517         26451      11497348
 1992   1        434818        457090       1133419       1069502        596022       1376838       7018112        728806         79646      12894254
 1992   2        738409        522357       1185751       1307743        647768       1473913       7068943        725485        185868      13856236
 1992   3        713214        656665       1199035       1228924        657827       1343308       7052150        727174        177420      13755717
 1992   4        408279        500155       1184197       1084791        665189       1418791       7044635        726140         87961      13120138
 1992   5        121643        224611       1087752        960342        598293       1068636       6940868        708145         33437      11743728
 1992   6         36057         35313        964796        648292        507688        953808       6494360        620706          3675      10264695
 1992   7             0          1431        512586        327678        380992        551024       5255557        496384             0       7525652
 1992   8             0             0        103435         83835        265290        280121       4601606        414480             0       5748767
 1992   9             0          1124         20581         55991        262085        228438       4783044        397046             0       5748311
 1992  10         14832          8813         25925         82421        372893        797241       6172389        582899           737       8058148
 1992  11         30427         70517        431412        462084        459074       1172146       6727067        699938         19521      10072185
 1992  12        214692        331201       1082564        865371        482287       1308182       6996936        719963         25895      12027093
 1993   1        529508        399110       1152594       1325426        569130       1384722       7017612        723538         96601      13198243
 1993   2        762106        486498       1198933       1462861        617233       1411412       7015700        717661        200262      13872665
 1993   3        804845        510486       1187087       1470498        615499       1491464       7028491        719433        192725      14020530
 1993   4        501421        375420       1174480       1280206        578110       1536778       7026934        714161        104938      13292449
 1993   5        112617        115707       1045999        990574        571885       1359481       6820828        680578         31014      11728683
 1993   6         33266         12987        741073        604372        511818        972587       6112299        587403          4209       9580015
 1993   7             0          1523        174205        298999        363899        535413       4770861        443004             0       6587904
 1993   8             0             0         58703         81118        230173        269520       4141118        289529             0       5070162
 1993   9             0          1576         21672         54680        247255        191281       4138044        244874             0       4899382
 1993  10         15603          7122         23978        129562        387712        652518       5676226        485783           926       7379430
 1993  11         27034         20445        515838        585843        407682       1063671       6537850        694258         22188       9874809
 1993  12        240146        214829       1085638        869583        474992       1206080       6926989        720727         29354      11768338
 1994   1        597504        399615       1194489       1079045        499998       1561960       6962500        716875        111342      13123327
 1994   2        713513        361156       1196499       1318966        524232       1684177       6972038        717603        195077      13683260
 1994   3        607592        566467       1193810       1268179        569267       1602047       7017966        723672        176811      13725810
 1994   4        444745        513554       1164351       1097474        524653       1537377       7055672        720949         92127      13150903
 1994   5        204707        263877       1072724        820622        513067       1437870       6932108        690502         38235      11973711
 1994   6         87163         21905        810766        538204        418696       1047275       6507006        567288          3895      10002198
 1994   7             0          1654        259720        205041        271927        535564       5520802        436954             0       7231661
 1994   8             0             0         33420         37014        195346        220095       4757578        254629             0       5498082
 1994   9             0          1942         16341         31682        248116        127304       4770660        256114             0       5452161
 1994  10         15735          8672         22398        142024        452141        356708       6056561        497411          1155       7552805
 1994  11         34889         88346        155331        432667        557596       1206004       6886070        662626         24506      10048036
 1994  12        217093        370975        870228        773238        526357       1255012       7037293        722401         24984      11797582
 1995   1        591460        510543       1147467       1023383        549432       1397249       7061033        719133         54824      13054521
 1995   2        740331        629136       1185871       1170395        605562       1348789       7058565        718837        151215      13608701
 1995   3        720644        595804       1169087       1197150        614587       1345487       7069651        721625        162101      13596134
 1995   4        493478        512783       1136570       1048469        637044       1029865       7012922        722223         84086      12677440
 1995   5        159320        149313       1017382        732911        636342       1020545       6763664        703834         30562      11213873
 1995   6         43796         18906        672196        508975        492742        688889       6293686        539674          4339       9263203
 1995   7             0          1471        175487        226111        323515        241197       5053772        444075             0       6465628
 1995   8             0             0         38500         49305        282016         49843       4309209        274936             0       5003808
 1995   9             0          1916         12857         42699        289272         26232       4129738        249528             0       4752242
 1995  10         12906          5871         22467        160223        363121        247451       4969895        527851           879       6310664
 1995  11         26114         23305        241789        398028        493353       1068101       6401128        687292         23715       9362824
 1995  12         66695        143358        990172        694394        561214       1323112       6852588        724563         27302      11383397
 1996   1        255226        314187       1157610        953361        577934       1397490       6958375        718880         53373      12386436
 1996   2        478182        418222       1174017       1076864        614265       1574223       6957279        716884        125422      13135359
 1996   3        640841        342009       1173524       1044222        617473       1453538       6968128        715308        112424      13067468
 1996   4        292245        271365       1142716        939652        650763       1494040       6999947        723477         34538      12548742
 1996   5         73736         78331       1049994        772687        628447       1434152       6819162        702192         26291      11584992
 1996   6         29567         23827        813710        656185        455879       1119920       6465943        584495          4267      10153792
 1996   7             0          1745        252688        364931        251823        647627       5801176        427072             0       7747062
 1996   8             0             0         42509        142627         95547        321212       5104945        337214             0       6044055
 1996   9             0          1544         13210         85893        107478        287708       5158629        289887             0       5944348
 1996  10         17946          7684         24437        273789        262468        626473       6145911        505226           681       7864616
 1996  11         24760         26745        173275        559893        404780        773227       6443120        666162         23955       9095917
 1996  12        144720        174848        825041        689100        660397       1179896       6928096        702440         31018      11335555
 1997   1        349554        311752       1142344        814296        777556       1484738       7014546        709058         42107      12645951
 1997   2        567754        482963       1183640       1098452        764983       1661270       7067719        711651        134619      13673051
 1997   3        589528        505399       1177710       1139574        706253       1522775       7038422        717690        151889      13549240
 1997   4        239504        362951       1154624        994598        636028       1680417       6994281        712185         59659      12834247
 1997   5         62771        100963       1072827        776818        625884       1277248       6886429        703380         33660      11539981
 1997   6         26773         11984        709792        522761        501469        863116       6258439        616414          3313       9514060
 1997   7             0          1101        184581        184798        333836        413258       5237669        455196             0       6810439
 1997   8             0             0         25970         44531        195536        122208       4658585        353588             0       5400418
 1997   9             0          1345         12706         48953        218295         71181       4485385        377917             0       5215782
 1997  10         16994          4498         34695        192578        337245        251277       5387288        560132           781       6785489
 1997  11         18352         20729        259655        456996        517817       1072398       6344884        687358         21186       9399376
 1997  12        142412        231985        901703        643632        593240       1377836       6916949        709818         25061      11542636
 1998   1        480368        499679       1170822        885163        699146       1560056       7003825        724335         48338      13071731
 1998   2        757646        658420       1165718       1046286        686136       1817534       7043812        717288        106854      13999693
 1998   3        831479        556786       1153978       1057839        622196       1781734       7025327        714177         59034      13802551
 1998   4        508809        410509       1084509        931172        586417       1834840       7009548        706296         30076      13102177
 1998   5        178281        190786        927306        721501        542488       1638748       6829007        649133         29855      11707104
 1998   6         41801         17402        483864        465355        505296       1292234       6192191        499631          3638       9501412
 1998   7             0          1067        100435        168201        335131        709248       5058924        385793             0       6758799
 1998   8             0             0         31919         38329        185281        314941       4235672        196630             0       5002773
 1998   9             0          1007         11903         37341        186395        277110       4000029        105114             0       4618900
 1998  10         12355          3820         14140         86773        330111        845707       5403678        326009           947       7023540
 1998  11         35385         19289         80762        349439        384417       1342915       6351070        628258         22520       9214056
 1998  12        321354        195251        555524        574915        476795       1427809       6931616        705209         24528      11213001
 1999   1        492377        422766       1123799        860755        527919       1614357       7036180        729039         53270      12860462
 1999   2        740841        606229       1164319       1055851        511870       1672033       7062172        726805        118081      13658201
 1999   3        835545        632144       1149972       1062554        511486       1661627       7082365        727371         81700      13744764
 1999   4        692987        635260       1085643        919383        539110       1690987       7081401        724613         30899      13400283
 1999   5        250982        293812        885172        829652        455229       1580736       6946888        705580         28895      11976946
 1999   6         58706         36271        448141        551783        355065       1179471       6357771        579839          3343       9570390
 1999   7             0          1173        116429        226188        218570        700262       5169271        431330             0       6863222
 1999   8             0             0         41696         59313        193419        301696       4223520        244596             0       5064240
 1999   9             0          1144         12645         37807        218159        138607       4044647        159386             0       4612395
 1999  10         14588          3677         24176        100738        337995        588620       5604405        475731           797       7150728
 1999  11         21784         70608        184094        480723        386022        983184       6751957        686469         21481       9586321
 1999  12        107395        400158        666967        713819        475913       1159561       7018985        725772         26997      11295567
 2000   1        343031        637599       1147700        916189        469186       1290926       6996785        726206         42852      12570474
 2000   2        782061        525727       1157403       1088578        533397       1364255       7066919        716407         97530      13332276
 2000   3        918615        523026       1101659       1138221        527556       1369403       7054890        723830         42973      13400174
 2000   4        514093        493234       1095856        944610        596030       1392892       7057251        725688         26683      12846336
 2000   5        104787        212698       1021089        786329        565421       1185099       6941026        710356         28603      11555409
 2000   6         30252         35624        694256        473411        502502        876435       6177697        575694          3686       9369556
 2000   7             0           924        233711        155176        296766        412522       5122560        473129             0       6694786
 2000   8             0             0         34680         32993        181102        153418       4432251        260067             0       5094510
 2000   9             0           776         11826         40298        175189         86882       4144813        208978             0       4668762
 2000  10         13358          4473         18004         97041        296610        302830       5744245        531687           912       7009160
 2000  11         35104         20131        207061        369722        398280        751776       6679167        712722         21529       9195493
 2000  12        281555         96421        905686        627819        522953       1128950       6944145        731148         27655      11266333
 2001   1        630258        308114       1162635        876599        638684       1233290       7018300        729122         30944      12627946
 2001   2       1111315        292175       1185454       1089559        620464       1364353       6972397        730726         81315      13447760
 2001   3       1106259        402222       1170482       1001691        729375       1581934       7047855        733259         84149      13857225
 2001   4        711503        406067       1129132        947080        716302       1583661       7055761        725157         38557      13313219
 2001   5        336458        171593        893396        767550        593412       1250328       6957698        700991         27465      11698891
 2001   6         81469         12525        472036        470358        447616        851380       6472308        592722          3841       9404256
 2001   7             0          1150        105258        153063        206472        349489       5324239        455097             0       6594768
 2001   8             0             0         38574         35268        100055        131360       4633111        308730             0       5247099
 2001   9             0           635         11246         39896         76048         74685       4445053        259198             0       4906761
 2001  10         12305          5974         15128         82971        230161        242870       5905174        470904           827       6966312
 2001  11         21525         77274        169935        358855        421140        864542       6792735        679108         22932       9408045
 2001  12        174835        286114        709797        616556        451073        980132       6906093        706116         23418      10854133
 2002   1        490836        520493       1111412        770017        560643       1354443       6966409        711893         33521      12519668
 2002   2        862754        670226       1179998        997359        588387       1505791       7017160        715584        131689      13668949
 2002   3        931727        455501       1179958       1082723        649012       1559353       7025996        712808         72253      13669330
 2002   4        530914        323065       1121797        955358        585146       1435092       6997795        713811         25043      12688021
 2002   5        133851        115237       1057611        733751        545117       1327158       6817392        719350         25186      11474653
 2002   6         25361         17016        783509        460030        376135        996138       6247568        596762          3642       9506159
 2002   7             0           864        187856        147439        143065        500101       5265347        503540             0       6748212
 2002   8             0             0         27902         33160         47388        148514       4058996        312797             0       4628757
 2002   9             0           692         10681         31416         74021        174596       3802713        255210             0       4349330
 2002  10         12941          5206          9230         53322        179139        604190       5206534        482257           801       6553620
 2002  11         22908         14976        189477        232816        342159       1110774       6472833        672299         22300       9080542
 2002  12        157133         84279        939414        549223        384918       1338531       6743449        702327         23941      10923214
 2003   1        594625        278982       1109705        742267        501683       1629902       6873209        705190         50205      12485769
 2003   2        854368        417768       1189604        990097        463615       1643219       6966492        712170        145843      13383176
 2003   3        856930        435804       1180416       1041618        525829       1678417       7004610        718357        167187      13609168
 2003   4        481857        294906       1139417        939950        499517       1593963       6975807        714973         53116      12693505
 2003   5        101581         63184        957758        693333        504192       1426457       6721625        696857         31465      11196453
 2003   6         28448         19366        652407        358410        397962       1130546       6221194        619787          2961       9431083
 2003   7             0           750        141084         89475        224900        734723       4805034        466075             0       6462041
 2003   8             0             0         23904         27446         75882        439473       3902494        358699             0       4827898
 2003   9             0           380         12562         29782         80830        362374       3576968        306944             0       4369839
 2003  10         12129          3366         12500         47455        269741        536271       4981554        435447          1055       6299516
 2003  11         21990         15445         89825        283900        355715       1034825       6420081        655706         22230       8899717
 2003  12        172969        158381        706635        565543        509210       1329321       6922751        716099         26295      11107204
 2004   1        493010        260599       1150400        746141        557519       1572383       6970852        726873         45918      12523696
 2004   2        679625        436010       1172002        861345        602839       1583552       7018962        726202         89280      13169818
 2004   3        667183        462077       1160010        961829        586093       1538856       7018762        721663        101485      13217957
 2004   4        348682        344973       1077898        880783        471055       1514951       7028145        723279         39766      12429531
 2004   5         96291         88370       1019175        675436        438067       1251665       6915120        725645         24729      11234497
 2004   6         36506         18145        809885        461977        364666        914287       6321722        623032          3424       9553646
 2004   7             0           715        294029        182415        191472        378250       5278548        490533             0       6815963
 2004   8             0             0         45518         41867         69741        145523       4300019        380404             0       4983073
 2004   9             0           298         12978         30831         81464        103244       4113032        369457             0       4711303
 2004  10         11669          5422         19907         51323        213443        404592       5449795        556606           487       6713243
 2004  11         20234         18987        243542        373676        359846        965289       6585254        697105         22956       9286889
 2004  12        170873        152955       1005183        670528        444057       1113792       6968695        729497         28335      11283914
 2005   1        429513        246793       1175965        921118        458260       1169854       7016791        727613         54996      12200904
 2005   2        554465        419528       1153101        990699        516837       1121237       6991442        733791        120118      12601218
 2005   3        576781        427162       1149586        850671        589793       1467699       7048001        731914        109625      12951232
 2005   4        373070        440937       1026196        810148        546528       1506501       7028014        721875         40478      12493747
 2005   5        145345        134519        969552        690272        499374       1245721       6782964        700000         25854      11193602
 2005   6         49119         17617        574491        449185        437649        804937       6203767        584461          3542       9124768
 2005   7             0           807         97470        159995        242722        283783       4973334        452590             0       6210701
 2005   8             0             0         14629         24867        182114         65222       3933972        297099             0       4517903
 2005   9             0          1568         10319         25933        236981         31257       3812487        274056             0       4392601
 2005  10         13338          3832         10173         90491        387708        252393       4823463        511891           658       6093947
 2005  11         18717         55574        133238        351613        455829        821465       6584580        683515         24815       9129345
 2005  12         72700        307486        816895        547478        454644        946286       6976716        720439         26871      10869515
 2006   1        289712        566836       1143277        828879        446837        999194       6889786        732314         28377      11925211
 2006   2        506871        530672       1168392        941351        500678       1203001       6937370        725642         56725      12570702
 2006   3        526606        469774       1141420        843446        559483       1351632       7022730        727741         54439      12697270
 2006   4        371400        473701       1084978        820743        511047       1245830       7021702        720836         29646      12279883
 2006   5        118033        247296        923272        640693        445823        894471       6771098        692410         27566      10760662
 2006   6         37252         27784        451270        377004        405502        634299       6214123        576526          3448       8727208
 2006   7             0           926         64808        102766        248597        226792       5039957        414266             0       6098111
 2006   8             0             0         14392         26961        154199         80964       4110718        233751             0       4620984
 2006   9             0          1130          9472         26631        191207        102530       3817930        185942             0       4334841
 2006  10         12082          3544         11587         50378        353946        449804       4928468        305214          1004       6116025
 2006  11         18322         17729         50994        210003        420929        805530       6269458        640411         20033       8453408
 2006  12        155213        135173        699157        571828        461421        957404       6759082        711626         23315      10474219
 2007   1        463616        445371       1115891        795349        511750       1061393       7004765        719293         33085      12150511
 2007   2        767587        376144       1157150        870704        538229       1328925       6986206        718700         83047      12826693
 2007   3        635870        546585       1152215        952963        533329       1200718       6984880        722119         79521      12808202
 2007   4        353770        403617       1074122        960796        572700       1096331       6901519        717672         31701      12112226
 2007   5        118430        151762        954272        787159        538538       1042482       6761103        702510         25522      11081777
 2007   6         31574          8819        618542        440198        442727        738147       5696114        549928          3145       8529194
 2007   7             0           821        111103        115135        271229        286514       4243979        411556             0       5440338
 2007   8             0             0         28911         25319        211704        100642       2970726        168429             0       3505731
 2007   9             0          1503          9851         25530        258207         33943       2663100        150177             0       3142310
 2007  10         12293          3305         14382         69234        375965        114346       3679055        379236           623       4648438
 2007  11         17964         13032        191676        379079        452187        633013       5992567        688847         20314       8388680
 2007  12        103077         94046        959924        673058        519153        905269       6489518        716936         24054      10485034
 2008   1        390499        407137       1160283       1038351        570378        983003       6982692        723202         47863      12303408
 2008   2        673700        606694       1172780       1198566        576899       1095345       7044808        716383        121104      13206278
 2008   3        594056        724050       1184503       1244360        578517       1284195       7058211        722067        138009      13527969
 2008   4        370966        608635       1144979       1037143        616399       1234021       7007641        721379         44549      12785713
 2008   5        129810        248380       1030762        753189        575356       1113390       6730117        686722         25248      11292975
 2008   6         31595          8726        637936        408732        420878        777580       6071992        547845          2621       8907905
 2008   7             0           500        171980        122032        262769        343933       4766249        458339             0       6125802
 2008   8             0             0         33127         20144        159642        106185       3338215        211431             0       3868743
 2008   9             0           468          9087         27272        120405         44306       2961150        183394             0       3346082
 2008  10         15340          4424         16611         83932        281727        223031       4820653        393771           700       5840189
 2008  11         21606         44647        182716        429017        411991        741379       6589768        667165         19811       9108099
 2008  12         84589        210240        904119        706668        462662        987342       6914853        709187         25433      11005094
 2009   1        283250        521996       1142163        869271        545317       1167383       7004136        713358         67754      12314626
 2009   2        545937        635974       1186328       1058590        554932       1292337       7028287        727233        156457      13186075
 2009   3        576600        584123       1179717       1187922        586755       1365046       7069573        719974        131621      13401330
 2009   4        324573        643646       1145927       1052977        589558       1386838       7006625        722052         34382      12906577
 2009   5        155021        230565       1043890        780345        470347       1233075       6864359        710159         23128      11510889
 2009   6         38918         16908        806321        408250        369618        813260       6214852        618676          2245       9289048
 2009   7             0           394        222121        112275        247378        284870       4848098        457118             0       6172254
 2009   8             0             0         25582         21016        199715         92101       3584863        297411             0       4220687
 2009   9             0           443         10076         24754        195875         43667       3329635        230193             0       3834644
 2009  10         15814          3453         21096         70553        327790         74441       4325471        485380           759       5324759
 2009  11         22558         55282        150312        402877        411274        447160       6237003        688637         19040       8434144
 2009  12        126379        247399        711427        593591        420997        991383       6796444        703810         24970      10616400
 2010   1        352217        421977       1113819        732049        518034       1179720       6923316        715223         24895      11981249
 2010   2        596108        593570       1159228        817616        553461       1320673       7021648        727072         38990      12828366
 2010   3        744146        706024       1124324        925491        597232       1503197       7060503        723291         22686      13406893
 2010   4        563836        589139       1024700        878137        547019       1435285       7036558        708108         22757      12805541
 2010   5        187575        245777        910026        664154        471112        973966       6758876        676438         26560      10914483
 2010   6         46772         11439        474233        393782        378616        617466       5928626        560286          3074       8414294
 2010   7             0           500         79554        113234        241023        200671       4601768        407112             0       5643863
 2010   8             0             0         16467         22205        132619         38146       3568586        196588             0       3974611
 2010   9             0           347          9165         33933        166839         35642       3028862        161976             0       3436766
 2010  10         13659          3563         11574         68617        262115        155725       4665838        376455          1040       5558586
 2010  11         20741          9878         27670        223935        419334        737479       6394102        631227         17761       8482127
 2010  12         82560        107166        459978        431066        500222       1189906       6917923        712159         28622      10429602
 2011   1        292078        369124        900047        555648        546307       1352719       7006821        706996         24580      11754320
 2011   2        545954        482888       1132678        742720        505725       1453441       7011332        721680         37959      12634378
 2011   3        635417        436995       1146177        888735        565489       1286800       7005939        726041         39068      12730661
 2011   4        432548        409442       1117051        912917        559153       1257298       6966502        726616         23523      12405050
 2011   5        123192        121446        933361        681303        494861        970604       6724368        703829         24490      10777452
 2011   6         27566          6585        550287        422532        471065        515558       6035846        563200          2781       8595422
 2011   7             0           410        108120         78907        338810        156885       4387463        395993             0       5466588
 2011   8             0             0         24272         17469        200569         49158       3026049        139571             0       3457088
 2011   9             0           948         10419         22612        196318         30904       2920424        111906             0       3293532
 2011  10         16355          3687         14770        116148        299370         93016       4193441        351099          1123       5089008
 2011  11         26029         38971         88184        399865        388462        548754       6377273        684258         21828       8573626
 2011  12        184226        240161        723590        665171        462497        674621       6957833        723651         23901      10655652
 2012   1        425654        582895       1148734        934804        459903        931077       6970055        732363         30173      12215659
 2012   2        692238        694570       1160692       1047183        531979        815154       6922719        728586         73443      12666564
 2012   3        845648        822982       1149043       1205474        526581       1082572       6971596        729490         47168      13380555
 2012   4        512714        739453       1114242       1002599        587428       1112003       7034398        732693         27295      12862827
 2012   5        164066        363163        987507        751576        580116        816173       6681417        722538         24224      11090778
 2012   6         38569         42963        582889        365103        486184        324790       5784008        568501          2950       8195959
 2012   7             0           496        107066         68652        278072         82428       4228329        388143             0       5153187
 2012   8             0             0         24375         17737        165585         34101       2606312        141115             0       2989224
 2012   9             0           461          9848         21873        176218         30079       2176567         90382             0       2505429
 2012  10         19310          3892         12137         45127        329767         63189       3879604        307689          1126       4661841
 2012  11         21294         56024        136024        245017        412575        274165       6311821        651376         21833       8130129
 2012  12         88260        267155        846160        577777        458169        624651       6855446        730684         25619      10473920
